[[[3.20639211e-11 1.93288615e-11 3.27239325e-11 ... 3.29016237e-11
   3.35578280e-11 2.75094188e-11]
  [3.63305883e-11 2.17808526e-11 3.17307308e-11 ... 3.43338008e-11
   3.21468455e-11 2.76172183e-11]
  [3.05059553e-11 2.01948942e-11 2.86797049e-11 ... 2.90156593e-11
   2.97473810e-11 2.50590257e-11]
  ...
  [1.10057228e-11 9.99423326e-12 1.08100152e-11 ... 1.09349202e-11
   1.04671676e-11 1.01732344e-11]
  [3.54647198e-12 8.98919282e-12 4.69800851e-12 ... 3.38780923e-12
   2.15019941e-12 5.96689614e-12]
  [4.14777980e-11 1.61869064e-11 3.30031393e-11 ... 3.80602982e-11
   3.72535492e-11 2.47878339e-11]]

 [[3.27041617e-11 1.95139388e-11 3.33219179e-11 ... 3.35473064e-11
   3.43299628e-11 2.76597041e-11]
  [3.69347519e-11 2.19695316e-11 3.21073277e-11 ... 3.50361517e-11
   3.33882908e-11 2.80677590e-11]
  [3.12439749e-11 2.04415553e-11 2.90587439e-11 ... 2.96061297e-11
   3.05712890e-11 2.54011459e-11]
  ...
  [1.12121562e-11 1.02027228e-11 1.09951965e-11 ... 1.11656429e-11
   1.08087434e-11 1.03459883e-11]
  [3.66849307e-12 9.27500182e-12 4.85768182e-12 ... 3.50402143e-12
   2.22807756e-12 6.16094090e-12]
  [4.19933939e-11 1.62596815e-11 3.32239208e-11 ... 3.86783117e-11
   3.80006119e-11 2.49701227e-11]]

 [[3.33597474e-11 1.97524085e-11 3.39040738e-11 ... 3.41910164e-11
   3.50891526e-11 2.77904724e-11]
  [3.75364139e-11 2.21520634e-11 3.24861912e-11 ... 3.57397354e-11
   3.46535171e-11 2.85252403e-11]
  [3.19642928e-11 2.06863342e-11 2.94375666e-11 ... 3.01900732e-11
   3.13341095e-11 2.57496462e-11]
  ...
  [1.14207258e-11 1.04139283e-11 1.11791424e-11 ... 1.13966317e-11
   1.11549487e-11 1.05200086e-11]
  [3.79289347e-12 9.56746981e-12 5.01580946e-12 ... 3.62137262e-12
   2.30808902e-12 6.36026002e-12]
  [4.24898527e-11 1.63286220e-11 3.34395323e-11 ... 3.92897184e-11
   3.87642497e-11 2.51617131e-11]]

 ...

 [[1.10859985e-10 6.13263005e-11 9.08734854e-11 ... 1.32118869e-10
   2.15544054e-10 8.13796981e-11]
  [7.14601015e-11 2.61853009e-11 5.55418093e-11 ... 1.05883672e-10
   2.04645383e-10 4.89337373e-11]
  [1.16380521e-10 6.81704625e-11 1.07200653e-10 ... 1.55534014e-10
   2.58488246e-10 9.94720159e-11]
  ...
  [1.77319714e-10 2.05061171e-10 1.90890479e-10 ... 1.87491023e-10
   2.18783058e-10 1.99889590e-10]
  [3.46428806e-10 5.27013227e-10 4.13094951e-10 ... 3.43514812e-10
   2.91848073e-10 4.63405138e-10]
  [2.56986984e-11 5.50741998e-12 1.77179670e-11 ... 5.25057754e-11
   1.24796169e-10 1.32691878e-11]]

 [[1.11191902e-10 6.14710469e-11 9.10643203e-11 ... 1.32167480e-10
   2.15258207e-10 8.16892656e-11]
  [7.14856967e-11 2.61647341e-11 5.57067196e-11 ... 1.05731672e-10
   2.04148975e-10 4.90454731e-11]
  [1.16706064e-10 6.82525429e-11 1.07618906e-10 ... 1.55654086e-10
   2.58991170e-10 9.97753366e-11]
  ...
  [1.78257385e-10 2.05880067e-10 1.91873742e-10 ... 1.88251327e-10
   2.19150426e-10 2.00869215e-10]
  [3.48665398e-10 5.29702118e-10 4.15554739e-10 ... 3.45550765e-10
   2.93351268e-10 4.65947101e-10]
  [2.56617986e-11 5.49238399e-12 1.77373638e-11 ... 5.22755413e-11
   1.24195917e-10 1.32762622e-11]]

 [[1.11504180e-10 6.16137819e-11 9.12643041e-11 ... 1.32220123e-10
   2.14981203e-10 8.19998637e-11]
  [7.15125757e-11 2.61441933e-11 5.58729810e-11 ... 1.05582771e-10
   2.03654539e-10 4.91555499e-11]
  [1.17035113e-10 6.83339946e-11 1.08037948e-10 ... 1.55775160e-10
   2.59498133e-10 1.00077099e-10]
  ...
  [1.79198669e-10 2.06709432e-10 1.92853224e-10 ... 1.89028788e-10
   2.19531057e-10 2.01858769e-10]
  [3.50905651e-10 5.32427375e-10 4.18010830e-10 ... 3.47603337e-10
   2.94885685e-10 4.68503429e-10]
  [2.56269779e-11 5.47739997e-12 1.77569140e-11 ... 5.20483309e-11
   1.23602194e-10 1.32828998e-11]]]
